m=10;%kg
r=0.05;%m
k=100;%Nm